GEOID,NAME,COUNTYFP,closeness,betweenness
17031070103,701.03,031,2.1464999736967223e-4,1643863.7405430095
17031030701,307.01,031,2.1464999736967223e-4,1643863.7405430095
17031030101,301.01,031,2.1464999736967223e-4,1643863.7405430095
17031770602,7706.02,031,2.1464999736967223e-4,1643863.7405430095
17031838800,8388,031,1.686542254281884e-4,1008475.0044387685
17031842300,8423,031,2.5448797920907056e-4,3039527.5874441992
17031836900,8369,031,2.1464999736967223e-4,1643863.7405430095
17031839500,8395,031,0.00024571187059419333,1974953.2815575495
17031835800,8358,031,2.3889784051526968e-4,1996073.2502645308
17031831900,8319,031,2.3065987185530185e-4,2139762.4104781463
17031841200,8412,031,2.665965909353902e-4,2117333.923248591
17031832600,8326,031,2.4729112186620405e-4,1260488.7706268856
17031841900,8419,031,2.6439516864039804e-4,2371827.3355159736
17031843200,8432,031,2.6070453384602165e-4,2236295.501358338
17031843400,8434,031,2.1464999736967223e-4,1643863.7405430095
17031842600,8426,031,2.514999163490539e-4,2325661.49854782
17031301803,3018.03,031,2.1464999736967223e-4,1643863.7405430095
17031063302,633.02,031,2.2934581656419288e-4,1189518.0050769139
17031220701,2207.01,031,2.335263405656914e-4,1981040.4231785918
17031660302,6603.02,031,2.392479235045566e-4,1106129.299668383
17031252201,2522.01,031,2.2177424110293606e-4,931292.5757265184
17031730202,7302.02,031,2.0034517458807647e-4,1159695.1365651668
17031835600,8356,031,2.390072294192836e-4,2594563.8308789674
17031840000,8400,031,2.577479807239487e-4,1609461.55469567
17031835700,8357,031,2.1464999736967223e-4,1643863.7405430095
17031843600,8436,031,2.2647711119549234e-4,407093.6900676206
17031836400,8364,031,2.1464999736967223e-4,1643863.7405430095
17031836100,8361,031,2.1464999736967223e-4,1643863.7405430095
17031834600,8346,031,2.3413214081039014e-4,2505549.5788839385
17031030102,301.02,031,2.1464999736967223e-4,1643863.7405430095
17031030103,301.03,031,2.1464999736967223e-4,1643863.7405430095
17031030706,307.06,031,2.1464999736967223e-4,1643863.7405430095
17031061902,619.02,031,2.2456331730049152e-4,1300434.665463476
17031063303,633.03,031,2.1464999736967223e-4,1643863.7405430095
17031030601,306.01,031,2.1464999736967223e-4,1643863.7405430095
17031081202,812.02,031,2.1464999736967223e-4,1643863.7405430095
17031220601,2206.01,031,2.3966564966417287e-4,3102069.139123783
17031040401,404.01,031,2.1464999736967223e-4,1643863.7405430095
17031220901,2209.01,031,2.1464999736967223e-4,1643863.7405430095
17031210602,2106.02,031,2.3607693215557196e-4,2211225.049391733
17031220602,2206.02,031,2.1464999736967223e-4,1643863.7405430095
17031252202,2522.02,031,2.232861225848425e-4,228586.8862451828
17031252102,2521.02,031,2.1444633622512681e-4,812162.7145979464
17031836200,8362,031,2.1376696954123636e-4,1065778.6573746186
17031836000,8360,031,2.3139421532244884e-4,1048795.4753759436
17031835900,8359,031,2.1464999736967223e-4,1643863.7405430095
17031834500,8345,031,2.1464999736967223e-4,1643863.7405430095
17031834400,8344,031,2.0873025683070337e-4,960083.0552986644
17031834300,8343,031,1.862027289859277e-4,1124283.9311130522
17031070101,701.01,031,2.366846052267102e-4,3982823.67944371
17031030104,301.04,031,2.1464999736967223e-4,1643863.7405430095
17031081401,814.01,031,2.4312742767670332e-4,369647.68865112227
17031430102,4301.02,031,2.1464999736967223e-4,1643863.7405430095
17031110501,1105.01,031,1.865356110388533e-4,1206470.1442767908
17031430101,4301.01,031,2.1464999736967223e-4,1643863.7405430095
17031252101,2521.01,031,2.0961294942625945e-4,858779.1710880739
17031010501,105.01,031,2.1464999736967223e-4,1643863.7405430095
17031020701,207.01,031,1.972928195651762e-4,2461831.5941044437
17031540101,5401.01,031,1.6234549967386694e-4,767425.6279143918
17031010201,102.01,031,1.7448496205832385e-4,352701.7379702834
17031440201,4402.01,031,1.9768739284169558e-4,1021233.1557968295
17031839000,8390,031,2.1464999736967223e-4,1643863.7405430095
17031760801,7608.01,031,1.6019783974272913e-4,698686.5753276953
17031834000,8340,031,1.911212020349679e-4,764156.3732101746
17031833900,8339,031,2.1464999736967223e-4,1643863.7405430095
17031221000,2210,031,2.1464999736967223e-4,1643863.7405430095
17031221100,2211,031,2.1464999736967223e-4,1643863.7405430095
17031242800,2428,031,2.580774234389704e-4,1605159.2777945532
17031242900,2429,031,2.1464999736967223e-4,1643863.7405430095
17031243000,2430,031,2.1464999736967223e-4,1643863.7405430095
17031243100,2431,031,2.1464999736967223e-4,1643863.7405430095
17031071400,714,031,2.1464999736967223e-4,1643863.7405430095
17031243300,2433,031,2.1464999736967223e-4,1643863.7405430095
17031243200,2432,031,2.6397906920631176e-4,2916890.568441524
17031243400,2434,031,2.6586855927066385e-4,2494593.988680819
17031150800,1508,031,2.0822040383618664e-4,2275293.6516413284
17031150700,1507,031,2.1464999736967223e-4,1643863.7405430095
17031150600,1506,031,1.946441511793684e-4,1314479.8330293212
17031110400,1104,031,2.1464999736967223e-4,1643863.7405430095
17031241300,2413,031,2.570045697722437e-4,2561112.096434993
17031241100,2411,031,2.527632991469959e-4,2090153.9174334165
17031241500,2415,031,2.641560827674302e-4,27002310.917484954
17031241600,2416,031,2.1464999736967223e-4,1643863.7405430095
17031151200,1512,031,2.1464999736967223e-4,1643863.7405430095
17031241400,2414,031,2.1464999736967223e-4,1643863.7405430095
17031151100,1511,031,2.011734519551396e-4,1532620.7058105995
17031250200,2502,031,2.1464999736967223e-4,1643863.7405430095
17031250300,2503,031,2.094859453389084e-4,2231928.5295114038
17031250400,2504,031,2.0042741342822127e-4,1474498.5757572653
17031243500,2435,031,2.6327026394285484e-4,4172713.721909369
17031250500,2505,031,1.8317400741504317e-4,662910.6317789787
17031071800,718,031,2.1464999736967223e-4,1643863.7405430095
17031071500,715,031,2.4129407051190287e-4,2558415.5774167934
17031080400,804,031,2.4921207592709644e-4,1155413.0699592975
17031080100,801,031,2.1464999736967223e-4,1643863.7405430095
17031080300,803,031,2.1464999736967223e-4,1643863.7405430095
17031160400,1604,031,2.1836972526048356e-4,2100679.387597508
17031160300,1603,031,2.1418454108208815e-4,1698468.1254028196
17031160100,1601,031,2.0377271352678295e-4,1681464.5104719123
17031160200,1602,031,2.0914380533762733e-4,2119394.7762288926
17031221500,2215,031,2.1464999736967223e-4,1643863.7405430095
17031221400,2214,031,2.1464999736967223e-4,1643863.7405430095
17031221300,2213,031,2.1464999736967223e-4,1643863.7405430095
17031160700,1607,031,2.1464999736967223e-4,1643863.7405430095
17031250800,2508,031,2.164166359216177e-4,1125393.8682868255
17031250700,2507,031,2.0715297395301383e-4,607522.0095462733
17031250600,2506,031,2.0019675119662154e-4,624433.5938508504
17031251100,2511,031,2.164104552938654e-4,802695.4995518246
17031251000,2510,031,2.1464999736967223e-4,1643863.7405430095
17031060800,608,031,2.1464999736967223e-4,1643863.7405430095
17031060100,601,031,2.1464999736967223e-4,1643863.7405430095
17031060300,603,031,2.1464999736967223e-4,1643863.7405430095
17031051400,514,031,2.398695759371346e-4,1275987.628140056
17031160800,1608,031,2.1464999736967223e-4,1643863.7405430095
17031161100,1611,031,2.1464999736967223e-4,1643863.7405430095
17031161300,1613,031,2.2125656033038707e-4,3080259.2258196557
17031161200,1612,031,2.1500371421058058e-4,4018320.2357647107
17031161000,1610,031,2.1464999736967223e-4,1643863.7405430095
17031242100,2421,031,2.1464999736967223e-4,1643863.7405430095
17031221600,2216,031,2.1464999736967223e-4,1643863.7405430095
17031170100,1701,031,1.7758217197921144e-4,1221282.0258168555
17031160900,1609,031,2.1464999736967223e-4,1643863.7405430095
17031242000,2420,031,2.1464999736967223e-4,1643863.7405430095
17031251200,2512,031,2.083542537757757e-4,669593.0089143288
17031251300,2513,031,1.999286355077934e-4,422876.4989920008
17031051300,513,031,2.1464999736967223e-4,1643863.7405430095
17031600700,6007,031,2.1464999736967223e-4,1643863.7405430095
17031600900,6009,031,2.6264572895004225e-4,2111963.449693595
17031672000,6720,031,2.1464999736967223e-4,1643863.7405430095
17031711000,7110,031,2.1464999736967223e-4,1643863.7405430095
17031710900,7109,031,2.1155778040918107e-4,1895757.8412034926
17031711500,7115,031,2.0592643102020962e-4,1154341.1906700956
17031711300,7113,031,2.1464999736967223e-4,1643863.7405430095
17031711100,7111,031,2.0935052675960983e-4,1226276.4237996994
17031711200,7112,031,2.0873846084082734e-4,1320775.013222602
17031711400,7114,031,2.0693460786749688e-4,1229286.6039564498
17031271400,2714,031,2.1464999736967223e-4,1643863.7405430095
17031271200,2712,031,2.1464999736967223e-4,1643863.7405430095
17031271300,2713,031,2.5274621240519373e-4,2155927.60544737
17031270500,2705,031,2.4588423823222494e-4,2130139.3789992444
17031360200,3602,031,2.336034731621507e-4,615557.8366500696
17031350400,3504,031,2.1464999736967223e-4,1643863.7405430095
17031351400,3514,031,2.1464999736967223e-4,1643863.7405430095
17031351000,3510,031,2.3858633116281616e-4,2305393.9525991906
17031350100,3501,031,2.1464999736967223e-4,1643863.7405430095
17031430800,4308,031,2.1464999736967223e-4,1643863.7405430095
17031430600,4306,031,1.86864018592774e-4,559448.7562527851
17031430900,4309,031,2.1464999736967223e-4,1643863.7405430095
17031430500,4305,031,1.9137938428762935e-4,556893.7684852135
17031430400,4304,031,1.9688224534068944e-4,840540.1273924531
17031680500,6805,031,2.1464999736967223e-4,1643863.7405430095
17031681100,6811,031,2.273006379875565e-4,1747239.3780532116
17031681000,6810,031,2.350371537945808e-4,1534261.0126953882
17031610300,6103,031,2.544914009770297e-4,2164701.671588498
17031680900,6809,031,2.3041522621278284e-4,3886223.7848876305
17031720100,7201,031,1.9103712254702105e-4,1393851.1716744495
17031720600,7206,031,2.1464999736967223e-4,1643863.7405430095
17031720500,7205,031,1.748659597382455e-4,3055865.045628419
17031720400,7204,031,2.1464999736967223e-4,1643863.7405430095
17031720700,7207,031,1.8591496977854352e-4,2429561.079322203
17031720300,7203,031,1.8613702063860916e-4,869551.3096151875
17031720200,7202,031,1.9005614002636406e-4,1082947.276728483
17031040800,408,031,2.1464999736967223e-4,1643863.7405430095
17031040700,407,031,2.1488499016024572e-4,1779805.2637807615
17031040600,406,031,2.1464999736967223e-4,1643863.7405430095
17031431200,4312,031,1.850455053241566e-4,895270.4917452186
17031380200,3802,031,2.1464999736967223e-4,1643863.7405430095
17031380100,3801,031,2.1464999736967223e-4,1643863.7405430095
17031431400,4314,031,1.7416433699104895e-4,442805.414073663
17031611400,6114,031,2.516327245891998e-4,1753891.0880256337
17031611300,6113,031,2.1464999736967223e-4,1643863.7405430095
17031611100,6111,031,2.1464999736967223e-4,1643863.7405430095
17031611900,6119,031,2.488231244510755e-4,1757997.080697879
17031050100,501,031,2.1464999736967223e-4,1643863.7405430095
17031610800,6108,031,2.1464999736967223e-4,1643863.7405430095
17031611000,6110,031,2.4678690248777633e-4,2731567.310528875
17031611500,6115,031,2.5061092724414357e-4,2241123.2648478043
17031681200,6812,031,2.2532984928540746e-4,1720425.7360491327
17031810400,8104,031,2.1464999736967223e-4,1643863.7405430095
17031730300,7303,031,2.1464999736967223e-4,1643863.7405430095
17031730100,7301,031,1.974882643626556e-4,1225246.2319235266
17031691100,6911,031,2.1464999736967223e-4,1643863.7405430095
17031691200,6912,031,2.1479701193747864e-4,2139495.406529898
17031730400,7304,031,1.9304533351579195e-4,1114646.2157722153
17031730600,7306,031,2.1464999736967223e-4,1643863.7405430095
17031730500,7305,031,1.9074845913969853e-4,695769.838400041
17031381700,3817,031,2.1464999736967223e-4,1643863.7405430095
17031380500,3805,031,2.1464999736967223e-4,1643863.7405430095
17031381200,3812,031,2.1464999736967223e-4,1643863.7405430095
17031381400,3814,031,2.3537213291828748e-4,1959384.8311052388
17031440300,4403,031,2.0360287277516512e-4,1358857.9534779994
17031612100,6121,031,2.1464999736967223e-4,1643863.7405430095
17031612000,6120,031,2.4809392929823744e-4,985452.7008416394
17031620100,6201,031,2.3553695780862178e-4,1668385.0682213774
17031620400,6204,031,2.1464999736967223e-4,1643863.7405430095
17031630100,6301,031,2.4691510919622314e-4,2263270.5348535697
17031620200,6202,031,2.288155357996737e-4,1465577.2337040433
17031620300,6203,031,2.2560086996917898e-4,834191.9986518134
17031740100,7401,031,1.6252807963092742e-4,1167659.576136381
17031730700,7307,031,1.866038358070252e-4,887115.4220709945
17031740300,7403,031,1.5671343592949107e-4,487976.3723810097
17031740200,7402,031,1.6368483136844407e-4,627990.2446528554
17031740400,7404,031,1.6507651813450321e-4,705967.7669694356
17031390500,3905,031,2.226345176901979e-4,1148108.6152240813
17031390200,3902,031,2.2582807829734427e-4,1290377.6239167755
17031390600,3906,031,2.1464999736967223e-4,1643863.7405430095
17031381900,3819,031,2.1464999736967223e-4,1643863.7405430095
17031390400,3904,031,2.1464999736967223e-4,1643863.7405430095
17031390300,3903,031,2.1464999736967223e-4,1643863.7405430095
17031390100,3901,031,2.1464999736967223e-4,1643863.7405430095
17031381800,3818,031,2.1464999736967223e-4,1643863.7405430095
17031390700,3907,031,2.148181553812836e-4,828935.0734350104
17031440700,4407,031,1.9172582704284392e-4,993892.0488235984
17031440800,4408,031,2.1464999736967223e-4,1643863.7405430095
17031440900,4409,031,1.8482307275839125e-4,798098.4903432645
17031440600,4406,031,1.967619092070814e-4,1596666.903406971
17031640100,6401,031,2.1464999736967223e-4,1643863.7405430095
17031630800,6308,031,2.1464999736967223e-4,1643863.7405430095
17031630500,6305,031,2.478969963113457e-4,1732089.0073738752
17031630900,6309,031,2.1464999736967223e-4,1643863.7405430095
17031630300,6303,031,2.3937009394306674e-4,1111610.0337125836
17031630200,6302,031,2.1464999736967223e-4,1643863.7405430095
17031640300,6403,031,2.1464999736967223e-4,1643863.7405430095
17031750100,7501,031,1.7911904927643706e-4,829963.7361942813
17031750300,7503,031,1.6790264663782016e-4,566017.2121816379
17031750400,7504,031,2.1464999736967223e-4,1643863.7405430095
17031750200,7502,031,1.7526873297705152e-4,1009883.9757458509
17031750500,7505,031,1.6989480163140966e-4,580358.4934650473
17031410500,4105,031,2.1464999736967223e-4,1643863.7405430095
17031410600,4106,031,2.1736645434894186e-4,805381.9330044686
17031400500,4005,031,2.1464999736967223e-4,1643863.7405430095
17031400800,4008,031,2.2756375034102173e-4,1500214.5152318187
17031282800,2828,031,2.1464999736967223e-4,1643863.7405430095
17031410100,4101,031,2.1464999736967223e-4,1643863.7405430095
17031282700,2827,031,2.663266200267095e-4,497870.80393295485
17031400300,4003,031,2.2456154033659827e-4,1682163.432726851
17031460100,4601,031,1.7004495454585946e-4,614690.7969603769
17031460200,4602,031,2.1464999736967223e-4,1643863.7405430095
17031450300,4503,031,1.850904280525783e-4,1801025.8307194745
17031640800,6408,031,2.1195338526240254e-4,1072540.6272373775
17031650100,6501,031,2.3315429558692599e-4,1208430.2258320528
17031640700,6407,031,2.0057087966537853e-4,1179187.4763066089
17031650200,6502,031,2.1464999736967223e-4,1643863.7405430095
17031640600,6406,031,1.8492242302228887e-4,692431.796139596
17031640500,6405,031,1.7305962192093872e-4,396137.3469839345
17031640400,6404,031,2.1464999736967223e-4,1643863.7405430095
17031750600,7506,031,1.7201511635616415e-4,535249.3072142517
17031410700,4107,031,2.1464999736967223e-4,1643863.7405430095
17031283100,2831,031,2.1464999736967223e-4,1643863.7405430095
17031283800,2838,031,2.1464999736967223e-4,1643863.7405430095
17031410800,4108,031,2.0904091058930748e-4,222942.69224248448
17031460600,4606,031,1.7220419230699633e-4,996021.366268646
17031411200,4112,031,2.1464999736967223e-4,1643863.7405430095
17031460400,4604,031,2.1464999736967223e-4,1643863.7405430095
17031410900,4109,031,2.0969410425280313e-4,972655.6209553562
17031460700,4607,031,1.6718784995433896e-4,481578.23804471456
17031461000,4610,031,2.1464999736967223e-4,1643863.7405430095
17031411100,4111,031,2.1464999736967223e-4,1643863.7405430095
17031411000,4110,031,2.1464999736967223e-4,1643863.7405430095
17031460500,4605,031,0.00018051925754291971,963910.0309844286
17031420400,4204,031,2.1464999736967223e-4,1643863.7405430095
17031420200,4202,031,2.1464999736967223e-4,1643863.7405430095
17031420700,4207,031,2.1496640939593732e-4,1347437.5469077872
17031420100,4201,031,2.0785124413081853e-4,1047172.4810252086
17031420800,4208,031,2.1464999736967223e-4,1643863.7405430095
17031480200,4802,031,1.8222265031838186e-4,862086.9123543149
17031480300,4803,031,2.1464999736967223e-4,1643863.7405430095
17031480100,4801,031,1.7743120277723777e-4,989636.017729165
17031480400,4804,031,1.707756717944443e-4,604623.099814269
17031470100,4701,031,1.8060194927795902e-4,723769.7851000234
17031650400,6504,031,2.2087637991559397e-4,1163593.0135638712
17031660400,6604,031,2.3543750653349675e-4,1104511.4541237918
17031650500,6505,031,2.1032488042085722e-4,1213843.6492613023
17031421200,4212,031,2.1464999736967223e-4,1643863.7405430095
17031291200,2912,031,2.5400658147613036e-4,1835827.2380203
17031290900,2909,031,2.3946130505507238e-4,1340826.2427368532
17031271500,2715,031,2.1464999736967223e-4,1643863.7405430095
17031292400,2924,031,2.4826307482316414e-4,1597129.8671478059
17031292200,2922,031,2.1464999736967223e-4,1643863.7405430095
17031292500,2925,031,2.4067261450905818e-4,1416728.5183085445
17031271800,2718,031,2.1464999736967223e-4,1643863.7405430095
17031280400,2804,031,2.6620083796892566e-4,3220785.904474863
17031280100,2801,031,2.615178602223741e-4,7047158.2847619215
17031301100,3011,031,2.1464999736967223e-4,1643863.7405430095
17031300600,3006,031,2.1464999736967223e-4,1643863.7405430095
17031301200,3012,031,2.63960671866073e-4,1398531.4279082443
17031300700,3007,031,2.5295262132326354e-4,1402047.339017236
17031490300,4903,031,1.902702353853877e-4,919217.0336618725
17031480500,4805,031,1.6618516381019014e-4,1834288.4999081364
17031490500,4905,031,1.8353021249234962e-4,1410803.9368596207
17031520400,5204,031,1.4573126842930774e-4,463550.49784120265
17031520300,5203,031,1.4526285752756394e-4,583336.5587471856
17031520500,5205,031,1.4066135904395617e-4,275660.9540435187
17031520200,5202,031,1.5861048190044492e-4,809096.1880317172
17031660700,6607,031,2.375591486330115e-4,1728310.161849126
17031660500,6605,031,2.3015447891935775e-4,554980.4264884904
17031520600,5206,031,1.441579169275564e-4,499443.6666291079
17031660600,6606,031,2.3479334098519197e-4,1068012.0213780391
17031661000,6610,031,2.3046282906999716e-4,1556410.827196895
17031660800,6608,031,2.1464999736967223e-4,1643863.7405430095
17031660900,6609,031,0.00022415736243890409,1254342.472765581
17031280900,2809,031,2.1464999736967223e-4,1643863.7405430095
17031301600,3016,031,2.1464999736967223e-4,1643863.7405430095
17031490700,4907,031,2.1464999736967223e-4,1643863.7405430095
17031490600,4906,031,1.8611403130364945e-4,584558.8208748675
17031491000,4910,031,1.7679188378764185e-4,785943.0581775301
17031491100,4911,031,1.8074579714433793e-4,1105258.6306075258
17031490800,4908,031,2.1464999736967223e-4,1643863.7405430095
17031670300,6703,031,2.1464999736967223e-4,1643863.7405430095
17031670400,6704,031,2.1464999736967223e-4,1643863.7405430095
17031670200,6702,031,2.1464999736967223e-4,1643863.7405430095
17031661100,6611,031,2.1464999736967223e-4,1643863.7405430095
17031560100,5601,031,2.2091023407464118e-4,764266.915768058
17031530600,5306,031,1.5634684512645208e-4,1071965.3625177464
17031530300,5303,031,2.1464999736967223e-4,1643863.7405430095
17031530400,5304,031,1.6580640658631405e-4,453141.0825594944
17031530200,5302,031,2.1464999736967223e-4,1643863.7405430095
17031670700,6707,031,2.1464999736967223e-4,1643863.7405430095
17031670600,6706,031,2.4255880241016024e-4,2177307.6183206285
17031670800,6708,031,2.4206143211950368e-4,2049994.7590602962
17031670900,6709,031,2.1464999736967223e-4,1643863.7405430095
17031670100,6701,031,2.1464999736967223e-4,1643863.7405430095
17031260900,2609,031,2.1464999736967223e-4,1643863.7405430095
17031281900,2819,031,2.1464999736967223e-4,1643863.7405430095
17031261000,2610,031,2.1464999736967223e-4,1643863.7405430095
17031310200,3102,031,2.1464999736967223e-4,1643863.7405430095
17031310500,3105,031,2.1464999736967223e-4,1643863.7405430095
17031310300,3103,031,2.671731619734511e-4,1536823.594902966
17031491200,4912,031,1.712118135593261e-4,979646.7583720677
17031491300,4913,031,1.6874101345377697e-4,1006171.2622195978
17031500300,5003,031,1.6248234958903066e-4,1015540.0982837754
17031491400,4914,031,1.657694458717049e-4,1345902.6450896831
17031500200,5002,031,1.7349821553348192e-4,896697.1708263118
17031500100,5001,031,1.707145896331352e-4,390067.1975063445
17031560200,5602,031,2.1464999736967223e-4,1643863.7405430095
17031560300,5603,031,2.1146601785660717e-4,857822.186963623
17031560700,5607,031,2.0022426881558263e-4,4216464.390637712
17031561000,5610,031,1.7587767953359973e-4,462164.8764753713
17031560900,5609,031,1.6677709948114528e-4,215050.9213282625
17031560800,5608,031,1.8787119834791548e-4,1107937.5935205272
17031020100,201,031,2.1464999736967223e-4,1643863.7405430095
17031010400,104,031,1.8091100617526423e-4,623655.9673033842
17031010300,103,031,1.6930234975260275e-4,491414.8163968706
17031010600,106,031,2.1464999736967223e-4,1643863.7405430095
17031100200,1002,031,1.632948903409435e-4,545649.0492345496
17031420300,4203,031,2.1464999736967223e-4,1643863.7405430095
17031280800,2808,031,2.1464999736967223e-4,1643863.7405430095
17031020200,202,031,1.729887286656814e-4,342500.6503881115
17031130200,1302,031,1.9735556216568146e-4,1349230.9960120327
17031080202,802.02,031,2.453030759964617e-4,1660247.6859978323
17031020400,204,031,2.1464999736967223e-4,1643863.7405430095
17031611800,6118,031,2.1464999736967223e-4,1643863.7405430095
17031240200,2402,031,2.1464999736967223e-4,1643863.7405430095
17031060200,602,031,2.2210283037773812e-4,1381844.9539243367
17031061200,612,031,2.1464999736967223e-4,1643863.7405430095
17031221200,2212,031,2.1464999736967223e-4,1643863.7405430095
17031030300,303,031,1.8730359555315846e-4,1145693.0373427498
17031030400,304,031,1.9615581431533085e-4,1475082.8266962299
17031030200,302,031,1.8748092947948623e-4,691214.6466071351
17031031000,310,031,2.0522688224737385e-4,1752468.1184854207
17031030900,309,031,2.1464999736967223e-4,1643863.7405430095
17031980000,9800,031,2.1464999736967223e-4,1643863.7405430095
17031600600,6006,031,2.1464999736967223e-4,1643863.7405430095
17031110100,1101,031,1.7831100542412158e-4,787415.339659126
17031420600,4206,031,2.1464999736967223e-4,1643863.7405430095
17031031400,314,031,2.1437890142868114e-4,1312330.7477560733
17031040900,409,031,2.1430360879737113e-4,824344.1884092684
17031050300,503,031,2.2212982633351081e-4,1492125.153908644
17031050200,502,031,2.2386994881437965e-4,5716237.954604961
17031071700,717,031,2.1464999736967223e-4,1643863.7405430095
17031031800,318,031,2.1393516119477953e-4,1397734.4981789957
17031610400,6104,031,2.1464999736967223e-4,1643863.7405430095
17031031700,317,031,2.1065852682677393e-4,1148042.6140710125
17031050600,506,031,2.1464999736967223e-4,1643863.7405430095
17031050500,505,031,2.1464999736967223e-4,1643863.7405430095
17031071600,716,031,2.430347380670557e-4,1487283.3551713976
17031671400,6714,031,2.1464999736967223e-4,1643863.7405430095
17031490400,4904,031,2.1464999736967223e-4,1643863.7405430095
17031062300,623,031,2.1464999736967223e-4,1643863.7405430095
17031010100,101,031,2.1464999736967223e-4,1643863.7405430095
17031630400,6304,031,2.4381421358968218e-4,1356889.6892625005
17031680600,6806,031,2.396670353279198e-4,2074943.560877327
17031030500,305,031,1.9362861883320083e-4,639123.4891495574
17031020500,205,031,2.1464999736967223e-4,1643863.7405430095
17031081300,813,031,2.1464999736967223e-4,1643863.7405430095
17031081000,810,031,2.1464999736967223e-4,1643863.7405430095
17031130100,1301,031,1.925078026094347e-4,856368.606291545
17043840000,8400,043,2.1464999736967223e-4,1643863.7405430095
17031170200,1702,031,1.8797523922815942e-4,1195319.9236537367
17031170600,1706,031,2.1464999736967223e-4,1643863.7405430095
17031170700,1707,031,2.1464999736967223e-4,1643863.7405430095
17031170800,1708,031,2.1464999736967223e-4,1643863.7405430095
17031170400,1704,031,1.6866930075538116e-4,1015482.7356740446
17031170500,1705,031,1.6043301071556236e-4,690058.2343748552
17031170300,1703,031,1.778091189504842e-4,1294259.7815841315
17031050900,509,031,2.1464999736967223e-4,1643863.7405430095
17031051000,510,031,2.1464999736967223e-4,1643863.7405430095
17031050700,507,031,2.1464999736967223e-4,1643863.7405430095
17031260300,2603,031,2.1464999736967223e-4,1643863.7405430095
17031260800,2608,031,2.1464999736967223e-4,1643863.7405430095
17031260700,2607,031,2.370579295608249e-4,1143708.4432313594
17031260600,2606,031,2.1464999736967223e-4,1643863.7405430095
17031251400,2514,031,2.1464999736967223e-4,1643863.7405430095
17031260500,2605,031,2.1464999736967223e-4,1643863.7405430095
17031051100,511,031,2.1464999736967223e-4,1643863.7405430095
17031051200,512,031,2.1464999736967223e-4,1643863.7405430095
17031170900,1709,031,1.700273710610568e-4,784880.1694941067
17031171100,1711,031,2.1464999736967223e-4,1643863.7405430095
17031180100,1801,031,1.758069565376952e-4,752486.4159186027
17031171000,1710,031,2.1464999736967223e-4,1643863.7405430095
17031190100,1901,031,2.1464999736967223e-4,1643863.7405430095
17031222600,2226,031,2.1464999736967223e-4,1643863.7405430095
17031222500,2225,031,2.4895752723775346e-4,1764678.8603028322
17031222200,2222,031,2.5469311874032216e-4,2486482.569722344
17031251700,2517,031,2.1464999736967223e-4,1643863.7405430095
17031251600,2516,031,2.1464999736967223e-4,1643863.7405430095
17031251500,2515,031,2.1464999736967223e-4,1643863.7405430095
17031252000,2520,031,2.0341028005625066e-4,538921.6056965519
17031251900,2519,031,2.0766738286514603e-4,461757.8350879397
17031251800,2518,031,2.1742254820403942e-4,738494.7427623105
17031130300,1303,031,1.9617518120792885e-4,776538.6052724409
17031190300,1903,031,2.0392366158404024e-4,1167594.7087978607
17031190200,1902,031,2.1076421013738672e-4,1375448.3541138053
17031190800,1908,031,2.1396682022614303e-4,1401141.164750567
17031260100,2601,031,2.1464999736967223e-4,1643863.7405430095
17031260200,2602,031,2.351384848403333e-4,2891268.381209303
17031530100,5301,031,2.1464999736967223e-4,1643863.7405430095
17031061800,618,031,2.1464999736967223e-4,1643863.7405430095
17031241000,2410,031,2.1464999736967223e-4,1643863.7405430095
17031222900,2229,031,2.364936652999779e-4,1457262.3479304628
17031222700,2227,031,2.4279572468391614e-4,1714979.5970892145
17031200100,2001,031,2.170947223347003e-4,1361275.2359292598
17031200200,2002,031,2.234855112218532e-4,1752338.0172612076
17031191200,1912,031,2.1464999736967223e-4,1643863.7405430095
17031190900,1909,031,2.1464999736967223e-4,1643863.7405430095
17031200300,2003,031,2.1464999736967223e-4,1643863.7405430095
17031230300,2303,031,2.1464999736967223e-4,1643863.7405430095
17031230200,2302,031,2.1464999736967223e-4,1643863.7405430095
17031230100,2301,031,2.1464999736967223e-4,1643863.7405430095
17031230500,2305,031,2.1464999736967223e-4,1643863.7405430095
17031230400,2304,031,2.1464999736967223e-4,1643863.7405430095
17031770500,7705,031,2.1464999736967223e-4,1643863.7405430095
17031351100,3511,031,2.1464999736967223e-4,1643863.7405430095
17031611700,6117,031,2.497259901054751e-4,1310298.7318470331
17031381500,3815,031,2.1464999736967223e-4,1643863.7405430095
17031420500,4205,031,2.1464999736967223e-4,1643863.7405430095
17031300500,3005,031,2.477861627163745e-4,1405950.7131800258
17031081900,819,031,2.1464999736967223e-4,1643863.7405430095
17031081700,817,031,2.5125388395248944e-4,1643889.2558131425
17031081500,815,031,2.1464999736967223e-4,1643863.7405430095
17031081800,818,031,2.560007142431635e-4,1494455.977726805
17031050800,508,031,2.3073062185844558e-4,1664304.9223637532
17031222800,2228,031,2.1464999736967223e-4,1643863.7405430095
17031210400,2104,031,2.2403771957776373e-4,2575152.592783799
17031230800,2308,031,2.1464999736967223e-4,1643863.7405430095
17031230900,2309,031,2.4433171554329646e-4,2198217.0289489683
17031230700,2307,031,2.3975604930703563e-4,2195018.830230477
17031210100,2101,031,2.2857556627493063e-4,2389585.1724762316
17031550200,5502,031,1.617601279942656e-4,878683.1946816548
17031823304,8233.04,031,1.6709225524369318e-4,574043.51700713
17031380700,3807,031,2.1464999736967223e-4,1643863.7405430095
17031580800,5808,031,2.1464999736967223e-4,1643863.7405430095
17031242300,2423,031,2.5951087436165563e-4,2215236.4905838296
17031670500,6705,031,2.1464999736967223e-4,1643863.7405430095
17031242200,2422,031,2.1464999736967223e-4,1643863.7405430095
17031230600,2306,031,2.2925034221636854e-4,2625852.175558149
17031032100,321,031,2.1663925961370727e-4,1560382.9641814725
17031811701,8117.01,031,2.1464999736967223e-4,1643863.7405430095
17031300800,3008,031,2.1464999736967223e-4,1643863.7405430095
17031060900,609,031,2.1464999736967223e-4,1643863.7405430095
17031061000,610,031,2.1464999736967223e-4,1643863.7405430095
17031210700,2107,031,2.3674747527857853e-4,2117611.8347071707
17031291600,2916,031,2.1464999736967223e-4,1643863.7405430095
17031400400,4004,031,2.1464999736967223e-4,1643863.7405430095
17031120100,1201,031,1.6686566700849757e-4,484853.08628785756
17031191100,1911,031,2.1715517808223425e-4,3175738.8729717294
17031611200,6112,031,2.513937527727084e-4,2142215.9621649925
17031300900,3009,031,2.590996434870149e-4,1407793.2414525698
17031061100,611,031,2.1464999736967223e-4,1643863.7405430095
17031061500,615,031,2.2762603114394927e-4,1253316.6619151104
17031062200,622,031,2.1464999736967223e-4,1643863.7405430095
17031062100,621,031,2.1464999736967223e-4,1643863.7405430095
17031062000,620,031,2.1464999736967223e-4,1643863.7405430095
17031090100,901,031,1.4565731373433923e-4,244896.8013342576
17031090200,902,031,1.5215584695787879e-4,426126.25204504805
17031260400,2604,031,2.2629621819549495e-4,1666501.8724680925
17031770800,7708,031,2.1464999736967223e-4,1643863.7405430095
17031351500,3515,031,2.1464999736967223e-4,1643863.7405430095
17031210800,2108,031,2.1464999736967223e-4,1643863.7405430095
17031210900,2109,031,2.3761202579291978e-4,3421371.9350528903
17031031200,312,031,2.1464999736967223e-4,1643863.7405430095
17031241200,2412,031,2.1464999736967223e-4,1643863.7405430095
17031063100,631,031,2.1464999736967223e-4,1643863.7405430095
17031062400,624,031,2.1464999736967223e-4,1643863.7405430095
17031062500,625,031,2.1464999736967223e-4,1643863.7405430095
17031063400,634,031,2.1464999736967223e-4,1643863.7405430095
17031062700,627,031,2.1464999736967223e-4,1643863.7405430095
17031062600,626,031,2.379892528978313e-4,1629993.7421798394
17031063200,632,031,2.1464999736967223e-4,1643863.7405430095
17031063000,630,031,2.330295325086768e-4,1906119.4613133455
17031062900,629,031,2.1464999736967223e-4,1643863.7405430095
17031062800,628,031,2.3537798858584398e-4,1519037.792710395
17031090300,903,031,2.1464999736967223e-4,1643863.7405430095
17031100100,1001,031,1.7486104491902643e-4,918544.2668807254
17031100300,1003,031,1.6189203957985015e-4,652941.146269255
17031140100,1401,031,2.1464999736967223e-4,1643863.7405430095
17031140500,1405,031,2.078042556224278e-4,1191643.4740670405
17031140200,1402,031,2.1464999736967223e-4,1643863.7405430095
17031140400,1404,031,2.1464999736967223e-4,1643863.7405430095
17031242700,2427,031,2.552345186452051e-4,11304593.442251673
17031070600,706,031,2.1464999736967223e-4,1643863.7405430095
17031070300,703,031,2.4047264374834257e-4,2537080.468847887
17031070200,702,031,2.1464999736967223e-4,1643863.7405430095
17031070400,704,031,2.1464999736967223e-4,1643863.7405430095
17031070500,705,031,2.4310878258566575e-4,1117835.0218495496
17031110200,1102,031,1.8445029564650284e-4,4600670.828828473
17031070700,707,031,2.4583199826153703e-4,2812395.9786304533
17031100700,1007,031,1.7218548935824947e-4,3515164.3722329615
17031100400,1004,031,1.5206062509005364e-4,376999.61272413575
17031100600,1006,031,1.6593497235335762e-4,2412022.123361511
17031150300,1503,031,1.965816438487832e-4,3771179.4367235056
17031150200,1502,031,2.0198391052252243e-4,8473930.524263332
17031231100,2311,031,2.1464999736967223e-4,1643863.7405430095
17031242400,2424,031,2.1464999736967223e-4,1643863.7405430095
17031231200,2312,031,2.4085671013387893e-4,1924435.2429881701
17031242500,2425,031,2.1464999736967223e-4,1643863.7405430095
17031140800,1408,031,2.131994970386249e-4,822104.8925137299
17031120300,1203,031,1.8453441611411675e-4,669531.9120678646
17031120200,1202,031,1.8005311232334006e-4,967971.0581282823
17031120400,1204,031,1.9348006342937782e-4,1760924.8756605857
17031231500,2315,031,2.1464999736967223e-4,1643863.7405430095
17031071100,711,031,2.1464999736967223e-4,1643863.7405430095
17031071300,713,031,2.1464999736967223e-4,1643863.7405430095
17031071200,712,031,2.1464999736967223e-4,1643863.7405430095
17031071000,710,031,2.1464999736967223e-4,1643863.7405430095
17031110300,1103,031,1.7801820286774203e-4,1666291.4844071872
17031240300,2403,031,2.1464999736967223e-4,1643863.7405430095
17031240500,2405,031,2.1464999736967223e-4,1643863.7405430095
17031220400,2204,031,2.4402762884176223e-4,6696011.392495432
17031220500,2205,031,2.1464999736967223e-4,1643863.7405430095
17031220300,2203,031,2.1464999736967223e-4,1643863.7405430095
17031060400,604,031,2.1464999736967223e-4,1643863.7405430095
17031060500,605,031,2.1464999736967223e-4,1643863.7405430095
17031240600,2406,031,2.1464999736967223e-4,1643863.7405430095
17031240800,2408,031,2.1464999736967223e-4,1643863.7405430095
17031240700,2407,031,2.1464999736967223e-4,1643863.7405430095
17031240900,2409,031,2.4695997483560324e-4,2526539.268299796
17031242600,2426,031,2.1464999736967223e-4,1643863.7405430095
17031310700,3107,031,2.1464999736967223e-4,1643863.7405430095
17031310800,3108,031,2.675119159019156e-4,2566000.9409735682
17031310600,3106,031,2.67151201555238e-4,2489327.538665705
17031020602,206.02,031,2.1464999736967223e-4,1643863.7405430095
17031190701,1907.01,031,2.1464999736967223e-4,1643863.7405430095
17031020901,209.01,031,2.1464999736967223e-4,1643863.7405430095
17031010202,102.02,031,2.1464999736967223e-4,1643863.7405430095
17031310900,3109,031,2.1464999736967223e-4,1643863.7405430095
17031561100,5611,031,1.861787253115708e-4,690247.6461048713
17031510200,5102,031,1.623529009719668e-4,1232612.595317402
17031510100,5101,031,1.6190883403397995e-4,713164.9428397724
17031570400,5704,031,2.4036349773237246e-4,2462646.9120823266
17031691300,6913,031,2.102449284702405e-4,1506820.8740672022
17031691400,6914,031,2.0442377818516436e-4,1258934.5780533394
17031570500,5705,031,2.1464999736967223e-4,1643863.7405430095
17031570300,5703,031,2.3123781382192144e-4,958236.6150014261
17031570200,5702,031,2.328714515691512e-4,1379538.9626945725
17031570100,5701,031,2.3763876494377404e-4,2347786.8916991767
17031690400,6904,031,2.1712052835010296e-4,1958161.5451551145
17031691500,6915,031,1.9948876826360028e-4,1254909.4919633109
17031320100,3201,031,2.4778083232870695e-4,748482.5651228846
17031580200,5802,031,2.5200855452894454e-4,2343826.626127015
17031580100,5801,031,2.586791277820391e-4,2333577.225609402
17031320400,3204,031,2.511242825039847e-4,1365936.1864326554
17031580300,5803,031,2.4567034775530244e-4,1399813.1702793627
17031580700,5807,031,2.1464999736967223e-4,1643863.7405430095
17031580600,5806,031,2.5623291683935054e-4,2728126.86615535
17031580400,5804,031,2.4529368775746946e-4,1836440.6367519826
17031681300,6813,031,2.195856046350808e-4,1354851.645535238
17031691000,6910,031,2.1464999736967223e-4,1643863.7405430095
17031690500,6905,031,2.1082610949658896e-4,3106119.267704383
17031681400,6814,031,2.1464999736967223e-4,1643863.7405430095
17031690300,6903,031,2.2169729336773202e-4,2384435.5025369627
17031690900,6909,031,2.1464999736967223e-4,1643863.7405430095
17031700100,7001,031,2.1872003981862924e-4,1314646.783059482
17031700200,7002,031,2.1287492011573032e-4,1266593.5089015975
17031320600,3206,031,2.1464999736967223e-4,1643863.7405430095
17031330200,3302,031,2.6022566751097905e-4,982566.6200046056
17031330100,3301,031,2.507313380750039e-4,1472010.134623533
17031671200,6712,031,2.1464999736967223e-4,1643863.7405430095
17031671100,6711,031,2.4075155700761293e-4,1864950.708407343
17031590600,5906,031,2.606886731728636e-4,2807114.9735842138
17031671600,6716,031,2.3007217716623345e-4,2054687.0985399412
17031671300,6713,031,2.394161209238897e-4,1859786.6527361053
17031590500,5905,031,2.592735299370918e-4,3498373.095445132
17031671500,6715,031,2.3006507946531242e-4,2076832.1690857646
17031671800,6718,031,2.1464999736967223e-4,1643863.7405430095
17031671900,6719,031,2.1464999736967223e-4,1643863.7405430095
17031710100,7101,031,2.1464999736967223e-4,1643863.7405430095
17031710400,7104,031,2.232695785650969e-4,1228922.9397515673
17031710200,7102,031,2.2243084586152811e-4,1281166.9349711235
17031710500,7105,031,2.156985430030861e-4,1992496.762344621
17031710600,7106,031,2.1546489552493414e-4,1608712.6682801284
17031710800,7108,031,2.1346216709660913e-4,1380598.9086200937
17031430300,4303,031,2.1464999736967223e-4,1643863.7405430095
17031430200,4302,031,2.1464999736967223e-4,1643863.7405430095
17031340500,3405,031,2.524331444821659e-4,3224996.7400473086
17031340600,3406,031,2.4903621678903183e-4,2184090.92428854
17031340300,3403,031,2.1464999736967223e-4,1643863.7405430095
17031520100,5201,031,1.662086781969636e-4,869051.4852854522
17031510300,5103,031,1.7049808642584792e-4,701369.0774003697
17031600400,6004,031,2.1464999736967223e-4,1643863.7405430095
17031590700,5907,031,2.5701955316458216e-4,2527180.012324228
17031830800,8308,031,2.1464999736967223e-4,1643863.7405430095
17031830600,8306,031,2.1464999736967223e-4,1643863.7405430095
17031830700,8307,031,2.2065371006193272e-4,1564920.8509306707
17031839800,8398,031,2.1464999736967223e-4,1643863.7405430095
17031834700,8347,031,2.1464999736967223e-4,1643863.7405430095
17031834800,8348,031,2.36596755585304e-4,3172197.729508949
17031839900,8399,031,2.562895236273931e-4,3894825.1369538624
17031839700,8397,031,2.1464999736967223e-4,1643863.7405430095
17031835200,8352,031,2.1500516515226601e-4,1451365.438698178
17031830900,8309,031,2.454699442269502e-4,3041570.2942817817
17031832000,8320,031,2.2530960445170555e-4,1794941.9641509873
17031832500,8325,031,2.1464999736967223e-4,1643863.7405430095
17031838300,8383,031,2.1464999736967223e-4,1643863.7405430095
17031835000,8350,031,2.413437865281619e-4,1783438.1105973537
17031835100,8351,031,2.1464999736967223e-4,1643863.7405430095
17031831700,8317,031,2.1464999736967223e-4,1643863.7405430095
17031843700,8437,031,2.2957159849222992e-4,2177491.9193861187
17031832300,8323,031,2.5622705969711556e-4,1516119.3240260186
17031831800,8318,031,2.0372678556052515e-4,1252642.8200986288
17031220702,2207.02,031,2.1464999736967223e-4,1643863.7405430095
17031843300,8433,031,2.6302076396254084e-4,2583505.111101061
17031842100,8421,031,2.2928524911523408e-4,1529891.285541058
17031831200,8312,031,2.2660113872881288e-4,1557727.734750593
17031831500,8315,031,1.8649428714419302e-4,1244689.4299059846
17031831600,8316,031,1.8127177599135575e-4,1085743.9121595644
17031831000,8310,031,2.1464999736967223e-4,1643863.7405430095
17031843000,8430,031,2.1464999736967223e-4,1643863.7405430095
17031831100,8311,031,2.2608348886193544e-4,2868906.9115796713
17031842000,8420,031,2.1464999736967223e-4,1643863.7405430095
17031843100,8431,031,2.598425008784688e-4,3248906.517914575
17031843500,8435,031,2.549099542364919e-4,2155774.912499948
17031842900,8429,031,2.673671110736398e-4,2032740.6728051268
17031832900,8329,031,2.668815406371427e-4,2215876.5069693574
17031832400,8324,031,2.5207376207113684e-4,3780549.2021559565
17031840300,8403,031,2.639042651005258e-4,1402036.815623711
17031030603,306.03,031,2.1464999736967223e-4,1643863.7405430095
17031838600,8386,031,2.1464999736967223e-4,1643863.7405430095
17031839600,8396,031,2.4263123997381213e-4,2061339.3822471516
17031834900,8349,031,2.1464999736967223e-4,1643863.7405430095
17031836800,8368,031,2.453712158744239e-4,2411909.048662888
17031836600,8366,031,2.4838643752419034e-4,2038838.0610294035
17031836700,8367,031,2.1464999736967223e-4,1643863.7405430095
17031832200,8322,031,2.1464999736967223e-4,1643863.7405430095
17031833000,8330,031,2.666642165025168e-4,2423322.506354151
17031843800,8438,031,2.4461775293137483e-4,1943516.1060451865
17031980100,9801,031,2.1264851956277254e-4,1160675.2225115413
17031842800,8428,031,2.4504877305835647e-4,2069398.3337759287
17031841800,8418,031,2.0378170167644264e-4,1389497.4815392909
17031842500,8425,031,2.2138148471274278e-4,2689423.19710245
17031836500,8365,031,2.3116089747561626e-4,2755997.818686341
17031843900,8439,031,1.9911287916338994e-4,1078311.3627084147
17031841000,8410,031,2.455361074065099e-4,1867971.5155567583
17031842200,8422,031,2.5584698921620223e-4,1190709.0038561607
17031834200,8342,031,1.9214859959668562e-4,1807964.9549092639
17031010502,105.02,031,2.1464999736967223e-4,1643863.7405430095
17031010702,107.02,031,1.8079344275796327e-4,676794.8788392184
17031010503,105.03,031,2.1464999736967223e-4,1643863.7405430095
17031010701,107.01,031,1.8231979062469322e-4,780178.5684557646
17031020601,206.01,031,2.1464999736967223e-4,1643863.7405430095
17031020902,209.02,031,1.911017385310834e-4,804654.5719315448
17031020302,203.02,031,1.8006210995054046e-4,1087415.567904724
17031838000,8380,031,2.7126908952409276e-4,372503.8729649654
17031650302,6503.02,031,2.2791836571157053e-4,520453.72088156006
17031530502,5305.02,031,2.1464999736967223e-4,1643863.7405430095
17031020301,203.01,031,1.8226627769547433e-4,704798.0082472087
17031650301,6503.01,031,2.2013271807830146e-4,1103725.0777656995
17031530503,5305.03,031,1.5840644492961365e-4,448301.55785330303
17031530501,5305.01,031,1.6256282201625592e-4,558341.9092886557
17031760803,7608.03,031,1.5311531067258594e-4,533271.7169523027
17031831300,8313,031,2.1464999736967223e-4,1643863.7405430095
17031837000,8370,031,2.584232967963853e-4,1586383.4675351158
17031831400,8314,031,2.235110693859159e-4,1261741.7283247472
17031832100,8321,031,2.1464999736967223e-4,1643863.7405430095
17031842400,8424,031,2.0379399258871767e-4,1204443.646726215
17031031501,315.01,031,2.084842315455998e-4,828283.5676820556
17031063301,633.01,031,2.1464999736967223e-4,1643863.7405430095
17031081201,812.01,031,2.1464999736967223e-4,1643863.7405430095
17031020802,208.02,031,1.899716546450971e-4,888032.2563594516
17031020801,208.01,031,1.9935139677366257e-4,1172643.6067615724
17031040202,402.02,031,2.1464999736967223e-4,1643863.7405430095
17031020702,207.02,031,1.9196486265823224e-4,934160.567749467
17031040201,402.01,031,2.072388639923501e-4,2377409.083304537
17031040402,404.02,031,2.0643670785004654e-4,1006487.0476636185
17031490901,4909.01,031,1.7056895016759923e-4,961463.7782112513
17031301801,3018.01,031,2.1464999736967223e-4,1643863.7405430095
17031301702,3017.02,031,2.1464999736967223e-4,1643863.7405430095
17031700301,7003.01,031,1.9952079367199847e-4,540493.6711882496
17031700401,7004.01,031,2.080118120758648e-4,844692.8338862681
17031490902,4909.02,031,1.7570405279639643e-4,1206614.320855537
17031837100,8371,031,2.539079364204183e-4,2763938.245399414
17031837800,8378,031,2.6009877997783585e-4,2579713.73596203
17031837400,8374,031,2.1464999736967223e-4,1643863.7405430095
17031837300,8373,031,2.1464999736967223e-4,1643863.7405430095
17031838700,8387,031,2.4764512213633924e-4,2005817.5695748911
17031841500,8415,031,2.1464999736967223e-4,1643863.7405430095
17031150502,1505.02,031,1.8561258781499333e-4,1150195.0301801746
17031150402,1504.02,031,1.9194776294817383e-4,1248814.0210579447
17031150501,1505.01,031,1.775585215191444e-4,513751.8425534961
17031150401,1504.01,031,1.8808631731554622e-4,1750196.7011037658
17031110502,1105.02,031,2.1464999736967223e-4,1643863.7405430095
17031140301,1403.01,031,2.1464999736967223e-4,1643863.7405430095
17031580502,5805.02,031,2.5466152996262353e-4,5015729.7099067
17031301802,3018.02,031,2.4088400510375758e-4,1098233.9992144709
17031440101,4401.01,031,1.9133523340788376e-4,692925.4597223712
17031580501,5805.01,031,2.1464999736967223e-4,1643863.7405430095
17031301701,3017.01,031,2.1464999736967223e-4,1643863.7405430095
17031730201,7302.01,031,2.0108866213296907e-4,2277862.689927591
17031140302,1403.02,031,2.1464999736967223e-4,1643863.7405430095
17031700302,7003.02,031,1.9467597996415166e-4,447595.0714093732
17031833300,8333,031,2.1464999736967223e-4,1643863.7405430095
17031838100,8381,031,2.682273122003734e-4,3567955.084658075
17031833100,8331,031,2.1464999736967223e-4,1643863.7405430095
17031838200,8382,031,2.1464999736967223e-4,1643863.7405430095
17031839100,8391,031,2.586358549347282e-4,1536228.6599211083
17031140602,1406.02,031,2.100510296173757e-4,1082369.8044537797
17031160502,1605.02,031,2.209659032221675e-4,987356.7277493278
17031140702,1407.02,031,2.1464999736967223e-4,1643863.7405430095
17031190402,1904.02,031,1.9717575217651962e-4,1074785.8398938626
17031140701,1407.01,031,2.1223427152874204e-4,1023350.8374338633
17031151001,1510.01,031,2.1464999736967223e-4,1643863.7405430095
17031431301,4313.01,031,2.1464999736967223e-4,1643863.7405430095
17031151002,1510.02,031,2.1464999736967223e-4,1643863.7405430095
17031160602,1606.02,031,2.212719100660831e-4,911369.1153459611
17031431302,4313.02,031,1.7998886325143316e-4,802975.6508761012
17031460301,4603.01,031,2.1464999736967223e-4,1643863.7405430095
17031460302,4603.02,031,1.7589229911827724e-4,675791.4025304926
17031210601,2106.01,031,2.1464999736967223e-4,1643863.7405430095
17031700502,7005.02,031,2.0549145139134154e-4,1800556.9785778727
17031700501,7005.01,031,2.128606967627833e-4,916127.7865479653
17031840200,8402,031,2.6058527225039484e-4,2380655.406694254
17031841100,8411,031,2.5912204491303556e-4,1615519.3204720367
17031841600,8416,031,2.1464999736967223e-4,1643863.7405430095
17031840700,8407,031,2.6505497039479954e-4,1422941.3600259798
17031841700,8417,031,2.1464999736967223e-4,1643863.7405430095
17031841300,8413,031,2.6074987196926595e-4,2602388.835190138
17031190702,1907.02,031,2.0647372146866905e-4,1044040.9642523748
17031191302,1913.02,031,2.1464999736967223e-4,1643863.7405430095
17031190401,1904.01,031,1.8976629680431505e-4,946669.3602467802
17031190602,1906.02,031,1.9962660548646316e-4,1096051.6703040707
17031030703,307.03,031,2.1464999736967223e-4,1643863.7405430095
17031840800,8408,031,2.1464999736967223e-4,1643863.7405430095
17031200401,2004.01,031,2.1464999736967223e-4,1643863.7405430095
17031191301,1913.01,031,2.1464999736967223e-4,1643863.7405430095
17031190601,1906.01,031,1.952401365320079e-4,1395766.188387308
17031061901,619.01,031,2.1464999736967223e-4,1643863.7405430095
17031200402,2004.02,031,2.1464999736967223e-4,1643863.7405430095
17031220902,2209.02,031,2.1464999736967223e-4,1643863.7405430095
17031210501,2105.01,031,2.1464999736967223e-4,1643863.7405430095
17031160601,1606.01,031,2.1464999736967223e-4,1643863.7405430095
17031440102,4401.02,031,2.1464999736967223e-4,1643863.7405430095
17031440202,4402.02,031,2.1464999736967223e-4,1643863.7405430095
17031081403,814.03,031,2.4411824531049168e-4,1513745.995039675
17031841400,8414,031,2.586520082830442e-4,1275874.8562009677
17031839200,8392,031,2.1464999736967223e-4,1643863.7405430095
17031840100,8401,031,2.1464999736967223e-4,1643863.7405430095
17031840400,8404,031,2.6316456466313404e-4,2275095.4464745047
17031830500,8305,031,2.4034801543071455e-4,1827969.0571189108
17031835500,8355,031,2.4794494844838054e-4,2635430.5875112903
17031031502,315.02,031,2.1464999736967223e-4,1643863.7405430095
17031030604,306.04,031,2.1464999736967223e-4,1643863.7405430095
17031760802,7608.02,031,1.641718112879131e-4,754379.6914846771
17031080201,802.01,031,2.1464999736967223e-4,1643863.7405430095
17031140601,1406.01,031,2.1464999736967223e-4,1643863.7405430095
17031081402,814.02,031,2.1464999736967223e-4,1643863.7405430095
17031070102,701.02,031,2.1464999736967223e-4,1643863.7405430095
17031210502,2105.02,031,2.3092404501902995e-4,13282927.01536903
17031540102,5401.02,031,1.653945351535241e-4,810178.3931856357
17031700402,7004.02,031,2.0258383085114753e-4,676310.5657177726
17031031100,311,031,2.022366081643323e-4,1352352.953966816
17031030800,308,031,2.1464999736967223e-4,1643863.7405430095
17031031300,313,031,2.0085493574904052e-4,594903.6062486037
17031031900,319,031,2.1464999736967223e-4,1643863.7405430095
17031160501,1605.01,031,2.1464999736967223e-4,1643863.7405430095
17031040100,401,031,2.0058009122946464e-4,1258375.8291328587
17031040300,403,031,2.0583048851119173e-4,1332633.2468211718
17031770700,7707,031,2.1464999736967223e-4,1643863.7405430095
17031430700,4307,031,2.1464999736967223e-4,1643863.7405430095
17031611600,6116,031,2.1464999736967223e-4,1643863.7405430095
17031340400,3404,031,2.1464999736967223e-4,1643863.7405430095
17031191000,1910,031,2.1464999736967223e-4,1643863.7405430095
17031560400,5604,031,2.1975032964142259e-4,629246.2151672405
17031710700,7107,031,2.1464999736967223e-4,1643863.7405430095
17031550100,5501,031,1.4237100744892523e-4,584971.419568322
17031100500,1005,031,1.556269076007954e-4,693895.3757738282
17031283200,2832,031,2.1464999736967223e-4,1643863.7405430095
17031710300,7103,031,2.2603097377079604e-4,359428.7925165506
17043840801,8408.01,043,2.1464999736967223e-4,1643863.7405430095
